1780
1782
2645
2647
2650
3148
3187
3569
3638
3966
4182
4236
4262
4267
4629
4637
4805
4809
4848
4890
4913
4922
8453
9080
9568
9902
11832
14129
14893
15163
15286
15467
15754
15838
15947
15961
15966
15972
15973
15986
15998
16000
16003
16025
16030
16045
16048
16073
16116
16123
16138
16147
16150
16212
16266
16268
16288
16294
16299
16302
16306
16317
16318
16344
18147
18800
18808
18834
18853
18957
19386
19467
19949
20635
20895
21153
21247
21757
21771
22957
23183
26284
29700
29701
29702
29703
29704
29705
29706
29707
29708
29709
29710
29711
29712
29713
29714
29715
29716
29717
29718
29719
29720
29721
29722
29723
29724
29725
29726
29727
29728
29729
29730
29731
29732
29733
29734
29735
29736
29737
29738
29739
29740
29741
29742
29743
29744
29745
29746
29747
29748
29749
29750
29885
30035
30279
30283
30296
30472
30484
30547
30708
30760
30773
30912
30952
30961
31116
31344
31363
31550
31656
31669
32200
32340
32346
32347
32364
32415
32487
32670
33025
33364
33390
33419
33488
33493
33618
33634
33762
33763
33769
34027
34042
34045
34118
34246
34282
34632
34742
34889
35036
35157
35298
35437
35462
35470
35478
35541
35852
36012
36246
36602
36748
36760
36972
36978
37074
37186
37292
37346
37644
37780
37818
37915
38083
38092
38140
38352
38408
38584
38631
38637
38739
38913
39221
39260
39420
39645
39647
39767
42757
42759
42771
42776
42781
42782
42783
42784
42785
42787
42788
42789
42790
42795
42797
42800
42805
42811
42816
42819
42826
42828
42836
42837
42838
42839
42845
42846
42847
42851
42852
42853
42855
42856
42857
42861
42862
42863
42912
42938
42944
42945
42946
42947
42948
42949
42950
42951
42952
42953
42954
42955
42956
42957
42958
42959
42960
42961
42962
42963
42964
42965
42966
42967
42970
42971
42972
42973
42974
43014
43026
43044
43045
43046
43047
43048
43049
43050
43051
43052
43053
43054
43055
43056
43057
43058
43059
43060
43061
43062
43074
43081
43088
43089
43093
43110
43111
43112
43113
43114
43115
43116
43117
43118
43119
43120
43121
43122
43123
43124
43125
43126
43127
43128
43129
43130
43131
43132
43133
43134
43135
43136
43137
43138
43139
43140
43143
43144
43145
43146
43147
43148
43149
43150
43151
43152
43153
43154
43155
43156
43157
43158
43159
43160
43161
43162
43163
43164
43165
43166
43167
43168
43169
43170
43171
43172
43173
43174
43175
43176
43177
43178
43179
43180
43181
43182
43184
43185
43186
43187
43188
43189
43191
43192
43193
43194
43195
43196
43197
43198
43199
43200
43201
43202
43203
43204
43206
43208
43209
43210
43218
43235
43240
43254
43259
43271
43272
43275
43277
43278
43279
43282
43286
43336
43416
43421
43453
43473
43479
43556
43564
43569
43590
43606
43614
43628
43653
43655
43659
43660
43676
43677
43707
43710
43737
43785
43787
43794
43802
43809
43811
43821
43838
43846
43847
43849
43853
43863
43878
43883
43894
43897
43901
43908
43909
43912
43913
43917
43924
43934
43935
43939
43946
43948
43962
43963
43967
43982
43987
43988
43989
43990
43992
44001
44006
44008
44016
44081
44088
44089
44096
44114
44143
44160
44182
44195
44196
44198
44218
44220
44229
44230
44251
44267
44269
44291
44311
44315
44323
44337
44353
44357
44358
44366
44373
44377
44386
44399
44400
44407
44418
44420
44437
44444
44447
44448
44450
44458
44459
44460
44464
44466
44467
44469
44471
44473
44480
44481
44491
44504
44505
44506
44508
44509
44521
44522
44524
44528
44534
44540
44544
44558
44560
44567
44579
44581
44584
44586
44592
44594
44600
44616
44617
44639
44641
44649
44659
44661
44665
44682
44688
44691
44693
44695
44706
44710
44711
44712
44722
44724
44726
44727
44729
44732
44733
44737
44741
44742
44751
44753
44764
44770
44773
44779
44792
44802
44804
44805
44827
44828
44838
44852
44853
44855
44856
44857
44858
44859
44860
44861
44864
44869
44870
44884
44886
44888
44889
44890
44943
44961
44968
44971
44992
44997
45013
45068
45082
45089
45090
45092
45094
45102
45118
45126
45134
45135
45139
45145
45156
45161
45166
45174
45181
45182
45187
45188
45199
45202
45203
45204
45208
45211
45213
45214
45220
45223
45226
45227
45228
45229
45230
45231
45233
45235
45243
45250
45255
45256
45261
45262
45263
45265
45266
45269
45276
45281
45285
45291
45292
45293
45294
45297
45301
45304
45306
45307
45308
45326
45327
45328
45329
45331
45337
45338
45355
45357
45362
45371
45373
45374
45376
45377
45381
45383
45387
45388
45390
45395
45397
45398
45399
45401
45402
45404
45406
45408
45409
45411
45413
45414
45428
45453
45459
45478
45494
45495
45496
45497
45498
45499
45500
45501
45502
45503
45504
45505
45506
45507
45508
45509
45525
45530
45537
45539
45557
45562
45569
45570
45582
45587
45592
45598
45611
45627
45630
45632
45661
45662
45665
45673
45683
45693
45695
45704
45716
45717
45718
45728
45729
45730
45731
45743
45745
45749
45758
45760
45767
45768
45783
45789
45809
45812
45818
45823
45829
45833
45834
45836
45841
45843
45849
45851
45855
45859
45861
45863
45867
45870
45871
45887
45892
45895
45897
45899
45900
45902
45905
45906
45908
45911
45913
45919
45921
45924
45929
45930
45931
45932
45936
45945
45974
45975
45980
45981
45984
45986
45988
45989
45995
45996
46000
46006
46010
46011
46017
46018
46019
46022
46023
46029
46033
46036
46052
46053
46064
46070
46071
46074
46104
46111
46116
46119
46127
46128
46137
46139
46143
46150
46153
46161
46163
46165
46174
46176
46182
46198
46202
46204
46207
46209
46214
46216
46224
46230
46242
46243
46249
46252
46254
46256
46260
46263
46272
46278
46280
46284
46292
46297
46314
46323
46324
46327
46328
46334
46353
46357
46369
46372
46392
46395
46406
46408
46410
46414
46416
46417
46419
46420
46432
46433
46437
46439
46446
46455
46479
46484
46498
46512
46515
46533
46539
46540
46541
46543
46570
46573
46574
46575
46576
46579
46583
46592
46594
46595
46596
46597
46598
46599
46607
46608
46609
46611
46619
46624
46633
46634
46635
46637
46650
46651
46653
46656
46658
46665
46667
46668
46671
46681
46684
46692
46718
46720
46723
46735
46750
46753
46758
46787
46790
46807
46816
46821
46822
46826
46862
46863
46864
46873
46886
46891
46898
46912
46921
46934
46939
46959
46963
46965
46969
46979
46993
46998
47003
47008
47009
47014
47030
47036
47042
47050
47056
47071
47079
47086
47087
47088
47090
47099
47126
47130
47138
47140
47143
47144
47151
47158
47161
47167
47174
47177
47178
47179
47182
47184
47185
47187
47188
47190
47192
47193
47195
47200
47202
47203
47204
47206
47207
47208
47209
47210
47211
47212
47214
47215
47218
47220
47227
47232
47235
47236
47238
47241
47242
47243
47244
47245
47246
47248
47249
47251
47252
47253
47254
47255
47259
47261
47269
47271
47272
47275
47276
47277
47278
47280
47281
47284
47285
47286
47288
47289
47290
47291
47292
47293
47295
47296
47297
47298
47299
47300
47301
47302
47303
47304
47305
47306
47307
47308
47309
47310
47311
47312
47313
47314
47315
47316
47317
47318
47319
47320
47321
47322
47323
47324
47325
47326
47327
47328
47330
47334
47336
47337
47352
47355
47361
47362
47363
47368
47376
47378
47379
47382
47384
47395
47396
47397
47400
47401
47402
47403
47405
47408
47410
47412
47420
47421
47425
47426
47428
47429
47430
47432
47434
47440
47441
47442
47443
47444
47445
47446
47447
47448
47449
47450
47451
47453
47454
47458
47459
47466
47467
47471
47477
47480
47482
47484
47485
47487
47489
47491
47493
47494
47495
47502
47504
47505
47506
47510
47511
47512
47517
47518
47519
47525
47526
47527
47528
47533
47534
47535
47536
47540
47541
47544
47548
47551
47554
47561
47563
47564
47566
47567
47568
47571
47574
47575
47577
47578
47579
47582
47583
47586
47589
47590
47592
47593
47594
47596
47597
47598
47599
47600
47603
47605
47608
47609
47611
47612
47613
47614
47615
47616
47620
47621
47622
47625
47626
47630
47631
47632
47633
47634
47635
47637
47638
47640
47641
47642
47643
47644
47645
47646
47647
47648
47649
47650
47651
47653
47656
47658
47659
47661
47662
47663
47666
47667
47668
47669
47670
47671
47673
47674
47675
47678
47679
47680
47681
47682
47683
47684
47686
47688
47689
47690
47692
47697
47698
47699
47702
47703
47705
47707
47711
47714
47715
47716
47717
47720
47721
47723
47724
47726
47727
47728
47730
47731
47732
47735
47737
47739
47740
47743
47745
47746
47747
47749
47750
47751
47754
47755
47756
47758
47760
47762
47763
47764
47768
47770
47772
47775
47776
47778
47779
47780
47781
47782
47786
47787
47788
47789
47790
47794
47795
47797
47801
47802
47804
47805
47806
47807
47808
47809
47811
47812
47814
47815
47818
47821
47826
47827
47829
47831
47832
47833
47834
47835
47840
47842
47845
47846
47847
47848
47852
47854
47855
47856
47857
47859
47860
47862
47863
47866
47867
47868
47870
47872
47874
47876
47879
47880
47883
47886
47887
47889
47892
47894
47896
47898
47901
47903
47904
47906
47907
47908
47909
47914
47915
47922
47923
47925
47927
47930
47934
47935
47936
47937
47942
47943
47946
47947
47948
47950
47951
47952
47953
47954
47958
47960
47962
47963
47964
47965
47967
47968
47969
47971
47974
47975
47977
47978
47981
47983
47985
47988
47989
47990
47991
47992
47993
47995
47996
47998
47999
48000
48003
48004
48006
48007
48008
48009
48010
48011
48012
48015
48016
48017
48018
48019
48021
48022
48023
48024
48026
48027
48028
48030
48031
48032
48033
48034
48035
48036
48038
48039
48041
48043
48044
48045
48048
48051
48052
48054
48055
48056
48058
48059
48062
48063
48065
48066
48069
48070
48072
48073
48074
48076
48077
48078
48079
48080
48081
48082
48083
48084
48085
48088
48089
48090
48091
48095
48096
48098
48101
48103
48108
48112
48115
48116
48118
48119
48120
48121
48122
48124
48133
48136
48137
48138
48141
48143
48144
48145
48148
48149
48150
48152
48153
48154
48156
48157
48164
48165
48167
48168
48171
48173
48175
48177
48180
48233
48235
48237
48238
48241
48263
48272
48273
48276
48277
48281
48292
48299
48311
48325
48332
48347
48354
48360
48378
48400
48407
48417
48426
48431
48464
48466
48469
48482
48543
48557
48567
48571
48577
48584
48601
48672
48719
48727
48760
48774
48812
48844
48850
48893
48959
48982
49029
49057
49149
49207
49261
49336
49337
49340
49348
49349
49350
49351
49361
49386
49422
49437
49446
49455
49490
49492
49504
49509
49513
49522
49524
49535
49536
49538
49549
49550
49553
49713
49777
49799
49808
49831
49895
49896
49923
50013
50145
50151
50189
50211
50296
50318
50356
50394
50402
50529
50550
50612
50621
50623
50638
50686
50742
50764
50955
51032
51042
51093
51157
51184
51269
51283
51293
51370
51453
51474
51521
51526
51590
51660
51693
51750
51830
51890
51901
51907
51941
51948
52028
52070
52071
52072
52073
52074
52075
52076
52078
52079
52081
52082
52083
52084
52085
52086
52087
52088
52089
52090
52091
52094
52098
52102
52103
52106
52107
52108
52109
52111
52112
52115
52116
52117
52120
52123
52124
52126
52132
52135
52137
52139
52140
52141
52142
52143
52144
52146
52147
52151
52152
52154
52155
52156
52158
52159
52161
52163
52165
52166
52167
52169
52172
52173
52175
52176
52177
52178
52179
52180
52181
52182
52183
52186
52189
52190
52198
52199
52201
52202
52203
52204
52206
52208
52209
52211
52212
52213
52214
52215
52216
52217
52221
52222
52223
52225
52226
52227
52228
52230
52231
52232
52234
52235
52237
52238
52239
52242
52243
52247
52248
52249
52250
52251
52252
52253
52254
52255
52256
52257
52258
52259
52261
52262
52263
52264
52265
52268
52269
52270
52271
52272
52450
52541
52588
52770
52837
53075
53193
53321
53328
53335
53336
53337
53338
53340
53341
53342
53351
53354
53355
53358
53359
53362
53363
53364
53365
53370
53372
53374
53375
53380
53381
53382
53383
53385
53386
53387
53388
53393
53394
53396
53398
53402
53403
53407
53410
53411
53412
53414
53418
53422
53423
53424
53425
53426
53427
53428
53430
53432
53433
53434
53435
53436
53437
53438
53439
53440
53441
53442
53444
53445
53446
53447
53448
53449
53450
53451
53452
53455
53459
53460
53461
53463
53467
53469
53470
53471
53473
53474
53476
53482
53484
53489
53490
53493
53494
53495
53496
53497
53499
53507
53508
53509
53510
53511
53512
53514
53515
53517
53518
53519
53520
53521
53522
53524
53525
53526
53528
53529
53531
53532
53533
53534
53535
53536
53537
53538
53539
53540
53541
53542
53543
53544
53545
53546
53547
53548
53549
53550
53551
53552
53553
53554
53555
53556
53557
53558
53559
53560
53561
53562
53563
53564
53565
53566
53567
53568
53569
53570
53571
53572
53573
53574
53575
53576
53577
53578
53579
53580
53581
53582
53583
53584
53585
53586
53587
53588
53589
53590
53591
53592
53593
53594
53595
53596
53597
53598
53599
53600
53601
53602
53603
53604
53605
53606
53607
53608
53609
53610
53611
53612
53613
53614
53615
53616
53617
53618
53619
53620
53621
53622
53623
53624
53625
53626
53627
53628
53629
53630
53631
53632
53633
53634
53635
53636
53637
53638
53639
53640
53641
53642
53643
53644
53645
53646
53647
53648
53649
53650
53651
53652
53653
53654
53655
53656
53657
53658
53659
53660
53661
53662
53663
53664
53665
53666
53667
53668
53669
53670
53671
53672
53673
53674
53675
53676
53677
53678
53679
53680
53681
53682
53683
53684
53685
53686
53687
53688
53689
53690
53691
53692
53693
53694
53695
53696
53697
53698
53699
53700
53701
53702
53703
53704
53705
53706
53707
53708
53709
53710
53711
53712
53713
53714
53715
53716
53717
53718
53719
53720
53721
53722
53723
53724
53725
53726
53727
53728
53729
53730
53731
53732
53733
53734
53735
53736
53737
53738
53739
53740
53741
53742
53743
53744
53745
53746
53747
53748
53749
53750
53751
53752
53753
53754
53755
53756
53757
53758
53759
53760
53761
53762
53763
53764
53765
53766
53767
53768
53769
53770
53771
53772
53773
53774
53775
53776
53777
53778
53779
53780
53781
53782
53783
53784
53785
53786
53787
53788
53789
53790
53791
53792
53793
53794
53795
53796
53797
53798
53799
53800
53801
53802
53803
53804
53805
53806
53807
53808
53809
53810
53811
53812
53813
53814
53815
53816
53817
53818
53819
53820
53821
53822
53823
53824
53825
53826
53827
53828
53829
53830
53831
53832
53833
53834
53835
53836
53837
53838
53839
53840
53841
53842
53843
53844
53845
53846
53847
53848
53849
53850
53851
53852
53853
53854
53855
53856
53857
53858
53859
53860
53861
53862
53863
53864
53865
53866
53867
53868
53869
53870
53871
53872
53873
53874
53875
53876
53877
53878
53879
53880
53881
53882
53883
53884
53885
53886
53887
53888
53889
53890
53891
53892
53893
53894
53895
53896
53897
53898
53899
53900
53901
53902
53903
53904
53905
53906
53907
53908
53909
53910
53911
53912
53913
53914
53915
53916
53917
53918
53919
53920
53921
53922
53923
53924
53925
53926
53927
53928
53929
53930
53931
53932
53933
53934
53935
53936
53937
53938
53939
53940
53941
53942
53943
53944
53945
53946
53947
53948
53949
53950
53951
53952
53953
53954
53955
53956
53957
53958
53959
53960
53961
53962
53963
53964
53965
53966
53967
53968
53969
53970
53971
53972
53973
53974
53975
53976
53977
53978
53979
53980
53981
53982
53983
53984
53985
53986
53987
53988
53989
53990
53991
53992
53993
53994
53995
53996
53997
53998
53999
54000
54001
54002
54003
54004
54005
54006
54007
54008
54009
54010
54011
54012
54013
54014
54015
54016
54017
54018
54019
54020
54021
54022
54023
54024
54025
54026
54027
54028
54029
54030
54031
54032
54033
54034
54035
54036
54037
54038
54039
54040
54041
54042
54043
54044
54045
54046
54047
54048
54049
54050
54051
54052
54053
54054
54055
54056
54057
54058
54059
54060
54061
54062
54063
54064
54065
54066
54067
54068
54069
54070
54071
54072
54073
54074
54075
54076
54077
54078
54079
54080
54081
54082
54083
54084
54085
54086
54087
54088
54089
54090
54091
54092
54093
54094
54095
54096
54097
54098
54099
54100
54101
54102
54103
54104
54105
54106
54107
54108
54109
54110
54111
54112
54113
54114
54115
54116
54117
54118
54119
54120
54121
54122
54123
54124
54125
54126
54127
54128
54129
54130
54131
54132
54133
54134
54135
54136
54137
54138
54139
54140
54141
54142
54143
54144
54145
54146
54147
54148
54149
54150
54151
54152
54153
54154
54155
54156
54157
54158
54159
54160
54161
54162
54163
54164
54165
54166
54167
54168
54169
54170
54171
54172
54173
54174
54175
54176
54177
54178
54179
54180
54181
54182
54183
54184
54185
54186
54187
54188
54189
54190
54191
54192
54193
54194
54195
54196
54197
54198
54199
54200
54201
54202
54203
54204
54205
54206
54207
54208
54209
54210
54211
54212
54213
54214
54215
54216
54217
54218
54219
54220
54221
54222
54223
54224
54225
54226
54227
54228
54229
54230
54231
54232
54233
54234
54235
54236
54237
54238
54239
54240
54241
54242
54243
54244
54245
54246
54247
54248
54249
54250
54251
54252
54253
54254
54255
54256
54257
54258
54259
54260
54261
54262
54263
54264
54265
54266
54267
54268
54269
54270
54271
54272
54273
54274
54275
54276
54277
54278
54279
54280
54281
54282
54283
54284
54285
54286
54287
54288
54289
54290
54291
54292
54293
54294
54295
54296
54297
54298
54299
54300
54301
54302
54303
54304
54305
54306
54307
54308
54309
54310
54311
54312
54313
54314
54315
54316
54317
54318
54319
54320
54321
54322
54323
54324
54325
54326
54327
54328
54329
54330
54331
54332
54333
54334
54335
54336
54337
54338
54339
54340
54341
54342
54343
54344
54345
54346
54347
54348
54349
54350
54351
54352
54353
54354
54355
54356
54357
54358
54359
54360
54361
54362
54363
54364
54365
54366
54367
54368
54369
54370
54371
54372
54373
54374
54375
54376
54377
54378
54379
54380
54381
54382
54383
54384
54385
54386
54387
54388
54389
54390
54391
54392
54393
54394
54395
54396
54397
54398
54399
54400
54401
54402
54403
54404
54405
54406
54407
54408
54409
54410
54411
54412
54413
54414
54415
54416
54417
54418
54419
54420
54421
54422
54423
54424
54425
54426
54427
54428
54429
54430
54431
54432
54433
54434
54435
54436
54437
54438
54439
54440
54441
54442
54443
54444
54445
54446
54447
54448
54449
54450
54451
54452
54453
54454
54455
54456
54457
54458
54459
54460
54461
54462
54463
54464
54465
54466
54467
54468
54469
54470
54471
54472
54473
54474
54475
54476
54477
54478
54479
54480
54481
54482
54483
54484
54485
54486
54487
54488
54489
54490
54491
54492
54493
54494
54495
54496
54497
54498
54499
54500
54501
54502
54503
54504
54505
54506
54507
54508
54509
54510
54511
54512
54513
54514
54515
54516
54517
54518
54519
54520
54521
54522
54523
54524
54525
54526
54527
54528
54529
54530
54531
54532
54533
54534
54535
54536
54537
54538
54539
54540
54541
54542
54543
54544
54545
54546
54547
54548
54549
54550
54551
54552
54553
54554
54555
54556
54557
54558
54559
54560
54561
54562
54563
54564
54565
54566
54567
54568
54569
54570
54571
54572
54573
54574
54575
54576
54577
54578
54579
54580
54581
54582
54583
54584
54585
54586
54587
54588
54589
54590
54591
54592
54593
54594
54595
54596
54597
54598
54599
54600
54601
54602
54603
54604
54605
54606
54607
54608
54609
54610
54611
54612
54613
54614
54615
54616
54617
54618
54619
54620
54621
54622
54623
54624
54625
54626
54627
54628
54629
54630
54631
54632
54633
54634
54635
54636
54637
54638
54639
54640
54641
54642
54643
54644
54645
54646
54647
54648
54649
54650
54651
54652
54653
54654
54655
54656
54657
54658
54659
54660
54661
54662
54663
54664
54665
54666
54667
54668
54669
54670
54671
54672
54673
54674
54675
54676
54677
54678
54679
54680
54681
54682
54683
54684
54685
54686
54687
54688
54689
54690
54691
54692
54693
54694
54695
54696
54697
54698
54699
54700
54701
54702
54703
54704
54705
54706
54707
54708
54709
54710
54711
54712
54713
54714
54715
54716
54717
54718
54719
54720
54721
54722
54723
54724
54725
54726
54727
54728
54729
54730
54731
54732
54733
54734
54735
54736
54737
54738
54739
54740
54741
54742
54743
54744
54745
54746
54747
54748
54749
54750
54751
54752
54753
54754
54755
54756
54757
54758
54759
54760
54761
54762
54763
54764
54765
54766
54767
54768
54769
54770
54772
54773
54776
54777
54778
54779
54780
54781
54782
54783
54784
54785
54788
54793
54795
54798
54799
54805
54806
54807
54808
54809
54810
54812
54813
54816
54822
54823
54824
54825
54826
54829
54830
54831
54832
54833
54834
54835
54837
54839
54840
54841
54842
54844
54847
54848
54850
54853
54855
54856
54859
54862
54863
54864
54865
54866
54867
54868
54870
54871
54872
54873
54874
54875
54876
54880
54881
54882
54885
54886
54887
54891
54896
54897
54900
54902
54903
54904
54905
54908
54911
54912
54914
54915
54916
54918
54920
54922
54924
54928
54933
54934
54936
54937
54938
54941
54942
54945
54946
54948
54951
54954
54958
54959
54960
54965
54969
54971
54972
54973
54975
54976
54979
54981
54983
54984
54987
54989
54990
54991
54992
54994
54995
54996
54998
55000
55002
55003
55006
55013
55014
55015
55017
55019
55020
55022
55023
55025
55026
55028
55031
55037
55041
55043
55045
55052
55054
55056
55058
55060
55061
55063
55064
55068
55069
55072
55078
55079
55080
55081
55082
55083
55084
55085
55086
55089
55090
55091
55092
55096
55099
55101
55102
55105
55106
55107
55109
55112
55113
55115
55118
55123
55124
55125
55127
55128
55129
55132
55133
55135
55136
55137
55138
55139
55140
55141
55142
55143
55146
55148
55149
55150
55151
55152
55153
55154
55155
55157
55159
55160
55162
55163
55164
55167
55168
55171
55173
55174
55176
55177
55178
55180
55181
55182
55183
55184
55185
55186
55187
55188
55190
55191
55192
55194
55195
55197
55198
55200
55201
55202
55204
55205
55206
55207
55209
55210
55211
55212
55213
55214
55215
55217
55218
55220
55221
55223
55224
55226
55227
55228
55229
55230
55231
55232
55233
55234
55235
55239
55241
55243
55244
55246
55248
55250
55252
55253
55254
55260
55262
55263
55264
55265
55269
55272
55273
55276
55277
55279
55280
55285
55286
55287
55288
55289
55290
55291
55294
55295
55296
55303
55304
55306
55307
55309
55312
55313
55316
55317
55318
55319
55320
55321
55322
55324
55325
55326
55329
55330
55333
55334
55335
55336
55337
55339
55341
55342
55344
55348
55349
55350
55352
55354
55355
55357
55358
55360
55361
55362
55367
55368
55369
55370
55373
55374
55375
55376
55377
55378
55379
55381
55383
55384
55389
55391
55395
55397
55398
55401
55402
55403
55404
55405
55408
55409
55410
55411
55415
55419
55421
55423
55424
55425
55428
55429
55430
55431
55432
55433
55434
55435
55436
55439
55441
55442
55443
55444
55445
55446
55447
55449
55459
55461
55463
55464
55470
55473
55474
55475
55476
55482
55486
55487
55490
55494
55495
55498
55502
55504
55505
55510
55517
55521
55525
55529
55530
55534
55535
55537
55542
55544
55545
55546
55547
55548
55549
55550
55551
55552
55553
55554
55555
55556
55557
55558
55559
55560
55561
55562
55563
55564
55565
55566
55567
55568
55569
55570
55571
55572
55573
55574
55575
55576
55577
55578
55579
55580
55581
55582
55583
55584
55585
55586
55587
55588
55589
55590
55591
55592
55593
55594
55595
55596
55597
55598
55599
55600
55601
55602
55603
55604
55605
55606
55607
55608
55609
55610
55611
55612
55613
55614
55615
55616
55617
55618
55619
55620
55621
55622
55623
55624
55625
55626
55627
55628
55629
55630
55631
55632
55633
55634
55635
55636
55637
55638
55639
55640
55641
55642
55643
55644
55645
55646
55647
55648
55649
55650
55651
55652
55653
55654
55655
55656
55657
55658
55659
55660
55661
55662
55663
55664
55665
55666
55667
55668
55669
55670
55671
55672
55673
55674
55675
55676
55677
55678
55679
55680
55681
55682
55683
55684
55685
55686
55687
55688
55689
55690
55691
55692
55693
55694
55695
55696
55697
55698
55699
55700
55701
55702
55703
55704
55705
55706
55707
55708
55709
55710
55711
55712
55713
55714
55715
55716
55717
55718
55719
55720
55721
55722
55723
55724
55725
55726
55727
55728
55729
55730
55731
55732
55733
55734
55735
55736
55737
55738
55739
55740
55741
55742
55743
55744
55745
55746
55747
55748
55749
55750
55751
55752
55753
55754
55755
55756
55757
55758
55759
55760
55761
55762
55763
55764
55765
55766
55767
55768
55769
55770
55771
55772
55773
55774
55775
55776
55777
55778
55779
55780
55781
55782
55783
55784
55785
55786
55787
55788
55789
55790
55791
55792
55793
55794
55795
55796
55797
55798
55799
55800
55801
55802
55803
55804
55805
55806
55807
55808
55809
55810
55811
55812
55813
55814
55815
55816
55817
55818
55819
55820
55821
55822
55823
55824
55825
55826
55827
55828
55829
55830
55831
55832
55833
55834
55835
55836
55837
55838
55839
55840
55841
55842
55843
55844
55845
55846
55847
55848
55849
55850
55851
55852
55853
55854
55855
55856
55857
55858
55859
55860
55861
55862
55863
55864
55865
55866
55867
55868
55869
55870
55871
55872
55873
55874
55875
55876
55877
55878
55879
55880
55881
55882
55883
55884
55885
55886
55887
55888
55889
55890
55891
55892
55893
55894
55895
55896
55897
55898
55899
55900
55901
55902
55903
55904
55905
55906
55907
55908
55909
55910
55911
55912
55913
55914
55915
55916
55917
55918
55919
55920
55921
55922
55923
55924
55925
55926
55927
55928
55929
55930
55931
55932
55933
55934
55935
55936
55937
55938
55939
55940
55941
55942
55943
55944
55945
55946
55947
55948
55949
55950
55951
55952
55953
55954
55955
55956
55957
55958
55959
55960
55961
55962
55963
55964
55965
55966
55967
55968
55969
55970
55971
55972
55973
55974
55975
55976
55977
55978
55979
55980
55981
55982
55983
55984
55985
55986
55987
55988
55989
55990
55991
55992
55993
55994
55995
55996
55997
55998
55999
56000
56001
56002
56003
56004
56005
56006
56007
56008
56009
56010
56011
56012
56013
56014
56015
56016
56017
56018
56019
56020
56021
56022
56023
56024
56025
56026
56027
56028
56029
56030
56031
56032
56033
56034
56035
56036
56037
56038
56039
56040
56041
56042
56043
56044
56045
56046
56047
56048
56049
56050
56051
56052
56053
56054
56055
56056
56057
56058
56059
56060
56061
56062
56063
56064
56065
56066
56067
56068
56069
56070
56071
56072
56073
56074
56075
56076
56077
56078
56079
56080
56081
56082
56083
56084
56085
56086
56087
56088
56089
56090
56091
56092
56093
56094
56095
56096
56097
56098
56099
56100
56101
56102
56103
56104
56105
56106
56107
56108
56109
56110
56111
56112
56113
56114
56115
56116
56117
56118
56119
56120
56121
56122
56123
56124
56125
56126
56127
56128
56129
56130
56131
56132
56133
56134
56135
56136
56137
56138
56139
56140
56141
56142
56143
56144
56145
56146
56147
56148
56149
56150
56151
56152
56153
56154
56155
56156
56157
56158
56159
56160
56161
56162
56163
56164
56165
56166
56167
56168
56169
56170
56171
56172
56173
56174
56175
56176
56177
56178
56179
56180
56181
56182
56183
56184
56185
56186
56187
56188
56189
56190
56191
56192
56193
56194
56195
56196
56197
56198
56199
56200
56201
56202
56203
56204
56205
56206
56207
56208
56209
56210
56211
56212
56213
56214
56215
56216
56217
56218
56219
56220
56221
56222
56223
56224
56225
56226
56227
56228
56229
56230
56231
56232
56233
56234
56235
56236
56237
56238
56239
56240
56241
56242
56243
56244
56245
56246
56247
56249
56250
56251
56252
56253
56254
56255
56256
56257
56258
56259
56260
56261
56262
56263
56264
56265
56266
56267
56268
56269
56270
56271
56272
56273
56274
56275
56276
56277
56278
56279
56280
56281
56282
56283
56284
56285
56286
56287
56288
56289
56290
56291
56292
56293
56294
56295
56296
56297
56298
56299
56300
56301
56302
56303
56304
56305
56306
56307
56308
56309
56310
56311
56312
56313
56314
56315
56316
56317
56318
56319
56320
56321
56322
56323
56324
56325
56326
56327
56328
56329
56330
56331
56332
56333
56334
56335
56336
56337
56338
56339
56340
56341
56342
56343
56344
56345
56346
56347
56348
56349
56350
56351
56352
56353
56354
56355
56356
56357
56358
56359
56360
56361
56362
56363
56364
56365
56366
56367
56368
56369
56370
56372
56373
56374
56375
56376
56377
56378
56379
56380
56381
56382
56383
56384
56385
56386
56387
56388
56389
56390
56391
56392
56393
56394
56395
56396
56397
56398
56399
56400
56401
56402
56403
56404
56405
56406
56407
56408
56409
56410
56411
56412
56413
56414
56415
56416
56417
56418
56419
56420
56421
56422
56423
56424
56425
56426
56427
56428
56429
56430
56431
56432
56433
56434
56435
56436
56437
56438
56439
56440
56441
56442
56443
56444
56445
56446
56447
56448
56449
56450
56451
56452
56453
56454
56455
56456
56457
56458
56459
56460
56461
56462
56463
56464
56465
56466
56467
56468
56469
56470
56471
56472
56473
56474
56475
56476
56477
56478
56479
56480
56481
56482
56483
56484
56485
56486
56487
56488
56489
56490
56491
56492
56493
56494
56495
56496
56497
56498
56499
56500
56501
56502
56503
56504
56505
56506
56507
56508
56509
56510
56511
56512
56513
56514
56515
56516
56517
56518
56519
56520
56521
56522
56523
56524
56525
56526
56527
56528
56529
56530
56531
56532
56533
56534
56535
56536
56537
56538
56539
56540
56541
56542
56543
56544
56545
56546
56547
56548
56549
56550
56551
56552
56553
56554
56555
56556
56557
56558
56559
56560
56561
56562
56563
56564
56565
56566
56567
56568
56569
56570
56571
56572
56573
56574
56575
56576
56577
56578
56579
56580
56581
56582
56583
56584
56585
56586
56587
56588
56589
56590
56591
56592
56593
56594
56595
56596
56597
56598
56599
56600
56601
56602
56603
56604
56605
56606
56607
56608
56609
56610
56611
56612
56613
56614
56615
56616
56617
56618
56619
56620
56621
56622
56623
56624
56625
56626
56627
56628
56629
56630
56631
56632
56633
56634
56635
56636
56637
56638
56639
56640
56641
56642
56643
56644
56645
56646
56647
56648
56649
56650
56651
56652
56653
56654
56655
56656
56657
56658
56659
56660
56661
56662
56663
56664
56665
56666
56667
56668
56669
56670
56671
56672
56673
56674
56675
56676
56677
56678
56679
56680
56681
56682
56683
56684
56685
56686
56687
56688
56689
56690
56691
56692
56693
56694
56695
56696
56697
56698
56699
56700
56701
56702
56703
56704
56705
56706
56707
56708
56709
56710
56711
56712
56713
56714
56715
56716
56717
56718
56719
56720
56721
56722
56723
56724
56725
56726
56727
56728
56729
56730
56731
56732
56733
56734
56735
56736
56737
56738
56739
56740
56741
56742
56743
56744
56745
56746
56747
56748
56749
56750
56751
56752
56753
56754
56755
56756
56757
56758
56759
56760
56761
56762
56763
56764
56765
56766
56767
56768
56769
56770
56771
56772
56773
56774
56775
56776
56777
56778
56779
56780
56781
56782
56783
56784
56785
56786
56787
56788
56789
56790
56791
56792
56793
56794
56795
56796
56797
56798
56799
56800
56801
56802
56803
56804
56805
56806
56807
56808
56809
56810
56811
56812
56813
56814
56815
56816
56817
56818
56819
56820
56821
56822
56823
56824
56825
56826
56827
56828
56829
56830
56831
56832
56833
56834
56835
56836
56837
56838
56839
56840
56841
56842
56843
56844
56845
56846
56847
56848
56849
56850
56851
56852
56853
56854
56855
56856
56857
56858
56859
56860
56861
56862
56863
56864
56865
56866
56867
56868
56869
56870
56871
56872
56873
56874
56875
56876
56877
56878
56879
56880
56881
56882
56883
56884
56885
56886
56887
56888
56889
56890
56891
56892
56893
56894
56895
56896
56897
56898
56899
56900
56901
56902
56903
56904
56905
56906
56907
56908
56909
56910
56911
56912
56913
56914
56915
56916
56917
56918
56919
56920
56921
56922
56923
56924
56925
56926
56927
56928
56929
56930
56931
56932
56933
56934
56935
56936
56937
56938
56939
56940
56941
56942
56943
56944
56945
56946
56947
56948
56949
56950
56951
56952
56953
56954
56955
56956
56957
56958
56959
56960
56961
56962
56963
56964
56965
56966
56967
56968
56969
56970
56971
56972
56973
56974
56975
56976
56977
56978
56979
56980
56981
56982
56983
56984
56985
56986
56987
56988
56989
56990
56991
56992
56993
56994
56995
56996
56997
56998
56999
57000
57001
57002
57003
57004
57005
57006
57007
57008
57009
57010
57011
57012
57013
57014
57015
57016
57017
57018
57019
57020
57021
57022
57023
57024
57025
57026
57027
57028
57029
57030
57031
57032
57033
57034
57035
57036
57037
57038
57039
57040
57041
57042
57043
57044
57045
57046
57047
57048
57049
57050
57051
57052
57053
57054
57055
57056
57057
57058
57059
57060
57061
57062
57063
57064
57065
57066
57067
57068
57069
57070
57071
57072
57073
57074
57076
57077
57078
57079
57080
57081
57082
57083
57084
57085
57086
57087
57088
57089
57090
57091
57092
57093
57094
57095
57096
57097
57098
57099
57100
57101
57102
57103
57104
57105
57106
57107
57108
57109
57110
57111
57112
57113
57114
57115
57116
57117
57118
57119
57120
57121
57122
57123
57124
57125
57126
57127
57128
57129
57130
57131
57132
57133
57134
57135
57136
57137
57138
57139
57140
57141
57142
57143
57144
57145
57146
57147
57148
57149
57150
57151
57152
57153
57154
57155
57156
57157
57158
57159
57160
57161
57162
57163
57164
57165
57166
57167
57168
57169
57170
57171
57172
57173
57174
57175
57176
57177
57178
57179
57180
57181
57182
57183
57184
57185
57186
57187
57188
57189
57190
57191
57192
57193
57194
57195
57196
57197
57198
57199
57200
57201
57202
57203
57204
57205
57206
57207
57208
57209
57210
57211
57212
57213
57214
57215
57216
57217
57218
57219
57220
57221
57222
57223
57224
57225
57226
57227
57228
57229
57230
57231
57232
57233
57234
57235
57236
57237
57238
57239
57240
57241
57242
57243
57244
57245
57246
57247
57248
57249
57250
57251
57252
57253
57254
57255
57256
57257
57258
57259
57260
57261
57262
57263
57264
57265
57266
57267
57268
57269
57270
57271
57272
57273
57274
57275
57276
57277
57278
57279
57280
57281
57282
57283
57284
57285
57286
57287
57288
57289
57290
57291
57292
57293
57294
57295
57296
57297
57298
57299
57300
57301
57302
57303
57304
57305
57306
57307
57308
57309
57310
57311
57312
57313
57314
57315
57316
57317
57318
57319
57320
57321
57322
57323
57324
57325
57326
57327
57328
57329
57330
57331
57332
57333
57334
57335
57336
57337
57338
57339
57340
57341
57342
57343
57344
57345
57346
57347
57348
57349
57350
57351
57352
57353
57354
57355
57356
57357
57358
57359
57360
57361
57362
57363
57364
57365
57366
57367
57368
57369
57370
57371
57372
57373
57374
57375
57376
57377
57378
57379
57380
57381
57382
57383
57384
57385
57386
57387
57388
57389
57390
57391
57392
57393
57394
57395
57396
57397
57398
57399
57400
57401
57402
57403
57404
57405
57406
57407
57408
57409
57410
57411
57412
57413
57414
57415
57416
57417
57418
57419
57420
57421
57422
57423
57424
57425
57426
57427
57428
57429
57430
57431
57432
57433
57434
57435
57436
57437
57438
57439
57440
57441
57442
57443
57444
57445
57446
57447
57448
57449
57450
57451
57452
57453
57454
57455
57456
57457
57458
57459
57460
57461
57462
57463
57464
57465
57466
57467
57468
57469
57470
57471
57472
57473
57474
57475
57476
57477
57478
57479
57480
57481
57482
57483
57484
57485
57486
57488
57489
57490
57491
57492
57493
57494
57495
57496
57497
57498
57499
57500
57501
57502
57503
57504
57505
57506
57507
57508
57509
57510
57511
57512
57513
57514
57515
57516
57517
57518
57519
57520
57521
57522
57523
57524
57525
57526
57527
57528
57529
57530
57531
57532
57533
57534
57535
57536
57537
57538
57539
57540
57541
57542
57543
57544
57545
57546
57547
57548
57549
57550
57551
57552
57553
57554
57555
57556
57557
57558
57559
57560
57561
57562
57563
57564
57565
57566
57567
57568
57569
57570
57571
57572
57573
57574
57575
57576
57577
57578
57579
57580
57581
57582
57583
57584
57585
57586
57587
57588
57589
57590
57591
57592
57593
57594
57595
57596
57597
57598
57599
57600
57601
57602
57603
57604
57605
57606
57607
57608
57609
57610
57611
57612
57613
57614
57615
57616
57617
57618
57619
57620
57621
57622
57623
57624
57625
57626
57627
57628
57629
57630
57631
57632
57633
57634
57635
57636
57637
57638
57639
57640
57641
57642
57643
57644
57645
57646
57647
57648
57649
57650
57651
57652
57653
57654
57655
57656
57657
57658
57659
57660
57661
57662
57663
57664
57665
57666
57667
57668
57669
57670
57671
57672
57673
57674
57675
57676
57677
57678
57679
57680
57681
57682
57683
57684
57685
57686
57687
57688
57689
57690
57691
57692
57693
57694
57695
57696
57697
57698
57699
57700
57701
57702
57703
57704
57705
57706
57707
57708
57709
57710
57711
57712
57713
57714
57715
57716
57717
57718
57719
57720
57721
57722
57723
57724
57725
57726
57727
57728
57729
57730
57731
57732
57733
57734
57735
57736
57737
57738
57739
57740
57741
57742
57743
57744
57745
57746
57747
57748
57749
57750
57751
57752
57753
57754
57755
57756
57757
57758
57759
57760
57761
57762
57763
57764
57765
57766
57767
57768
57769
57770
57771
57772
57773
57774
57775
57776
57777
57778
57779
57780
57781
57782
57783
57784
57785
57786
57787
57788
57789
57790
57791
57792
57793
57794
57795
57796
57797
57798
57799
57800
57801
57802
57803
57804
57805
57806
57807
57808
57809
57810
57811
57812
57813
57814
57816
57817
57818
57819
57820
57821
57822
57823
57824
57825
57826
57827
57828
57829
57830
57831
57832
57833
57834
57835
57836
57837
57838
57839
57840
57841
57842
57843
57844
57845
57846
57847
57848
57849
57850
57851
57852
57853
57854
57855
57856
57857
57858
57859
57860
57861
57862
57863
57864
57865
57866
57867
57868
57869
57870
57871
57872
57873
57874
57875
57876
57877
57878
57879
57880
57881
57882
57883
57884
57885
57886
57887
57888
57889
57890
57891
57892
57893
57894
57895
57896
57897
57898
57899
57900
57901
57902
57903
57904
57905
57906
57907
57908
57909
57910
57911
57912
57913
57915
57916
57917
57918
57919
57920
57921
57922
57923
57924
57925
57926
57927
57928
57929
57930
57931
57932
57933
57934
57935
57936
57937
57938
57941
57942
57945
57946
57947
57950
57951
57952
57958
57959
57960
57961
57964
57966
57967
57970
57972
57977
57978
57979
57982
57983
57984
57989
57991
57993
57999
58000
58001
58002
58012
58016
58017
58018
58024
58025
58026
58030
58032
58038
58041
58042
58043
58045
58046
58047
58048
58051
58052
58053
58054
58055
58056
58057
58058
58060
58061
58062
58063
58065
58066
58067
58068
58071
58074
58075
58076
58079
58083
58087
58088
58090
58091
58092
58094
58096
58097
58098
58099
58100
58101
58102
58103
58104
58106
58110
58111
58112
58114
58115
58116
58117
58120
58122
58123
58127
58128
58129
58130
58132
58133
58134
58135
58137
58138
58139
58140
58141
58144
58150
58152
58153
58157
58159
58161
58163
58164
58165
58168
58169
58170
58171
58175
58176
58181
58184
58187
58188
58189
58190
58194
58199
58201
58203
58205
58212
58213
58214
58215
58216
58217
58218
58219
58220
58221
58222
58223
58224
58225
58226
58228
58230
58232
58233
58234
58235
58236
58237
58238
58239
58240
58241
58242
58243
58244
58245
58249
58253
58254
58255
58258
58261
58263
58264
58265
58268
58270
58271
58272
58275
58276
58277
58278
58284
58285
58287
58288
58292
58293
58295
58298
58299
58300
58301
58303
58312
58313
58317
58318
58323
58325
58326
58329
58331
58340
58341
58343
58346
58349
58350
58353
58356
58357
58358
58359
58361
58362
58365
58367
58369
58370
58371
58373
58374
58375
58376
58381
58382
58383
58385
58386
58389
58390
58391
58396
58397
58398
58403
58405
58407
58408
58409
58410
58411
58412
58414
58416
58417
58419
58420
58421
58422
58423
58424
58428
58429
58430
58431
58432
58434
58437
58438
58439
58443
58445
58448
58449
58450
58451
58453
58454
58456
58457
58458
58459
58464
58466
58467
58470
58471
58472
58473
58474
58475
58476
58478
58479
58480
58481
58482
58485
58486
58487
58488
58489
58492
58496
58499
58504
58506
58510
58516
58525
58526
58528
58539
58540
58541
58544
58547
58551
58555
58562
58563
58564
58566
58573
58574
58575
58576
58579
58583
58587
58589
58595
58600
58601
58602
58603
58605
58609
58610
58615
58623
58624
58625
58626
58632
58633
58635
58636
58642
58646
58648
58649
58652
58653
58654
58656
58657
58658
58660
58661
58665
58667
58669
58670
58672
58673
58674
58675
58677
58678
58680
58681
58684
58690
58691
58692
58693
58695
58696
58698
58699
58700
58701
58705
58711
58712
58713
58715
58720
58721
58722
58723
58724
58725
58729
58730
58733
58737
58738
58739
58747
58748
58749
58755
58758
58759
58763
58765
58766
58768
58769
58770
58771
58772
58773
58774
58775
58776
58777
58778
58779
58780
58783
58786
58790
58792
58795
58796
58797
58798
58799
58800
58801
58803
58806
58807
58808
58810
58812
58815
58816
58820
58822
58823
58825
58826
58829
58832
58834
58835
58836
58837
58838
58839
58840
58841
58842
58843
58847
58849
58850
58851
58853
58857
58859
58862
58863
58866
58867
58875
58876
58878
58882
58883
58884
58886
58887
58888
58890
58892
58893
58896
58898
58900
58902
58903
58904
58905
58907
58908
58909
58911
58913
58914
58916
58917
58918
58919
58920
58922
58924
58925
58926
58927
58928
58930
58933
58934
58935
58936
58937
58939
58940
58944
58946
58947
58948
58952
58955
58956
58958
58959
58962
58964
58968
58969
58970
58975
58976
58977
58978
58979
58980
58981
58982
58983
58985
58986
58987
58989
58991
58992
58994
58995
58998
59000
59001
59002
59004
59006
59007
59009
59010
59011
59012
59013
59014
59015
59016
59017
59018
59019
59020
59021
59023
59025
59028
59030
59034
59035
59038
59039
59040
59041
59043
59045
59047
59049
59051
59052
59055
59058
59059
59061
59062
59064
59069
59070
59071
59072
59073
59076
59081
59082
59085
59086
59087
59088
59092
59093
59094
59099
59100
59102
59105
59106
59109
59112
59113
59114
59115
59116
59117
59119
59121
59122
59124
59125
59126
59127
59129
59130
59131
59133
59134
59135
59136
59144
59145
59146
59149
59151
59152
59154
59155
59157
59158
59159
59164
59165
59169
59170
59171
59172
59174
59176
59178
59180
59181
59182
59183
59184
59186
59187
59188
59189
59190
59191
59192
59193
59196
59198
59200
59202
59203
59204
59206
59207
59208
59209
59212
59213
59217
59219
59221
59222
59223
59224
59225
59228
59230
59231
59232
59234
59235
59239
59241
59242
59243
59244
59245
59246
59248
59250
59252
59255
59257
59260
59263
59264
59266
59267
59274
59275
59276
59277
59278
59279
59280
59284
59288
59291
59292
59294
59297
59298
59299
59300
59301
59303
59304
59305
59308
59310
59311
59312
59316
59317
59319
59323
59325
59326
59327
59333
59335
59339
59340
59341
59343
59347
59348
59349
59352
59353
59354
59355
59356
59357
59358
59359
59360
59361
59362
59363
59364
59365
59366
59367
59368
59369
59370
59371
59372
59373
59374
59375
59377
59378
59379
59380
59381
59382
59385
59386
59388
59389
59390
59392
59393
59394
59395
59397
59399
59400
59401
59402
59403
59405
59407
59408
59409
59411
59413
59414
59415
59420
59421
59422
59425
59428
59429
59430
59431
59432
59433
59435
59436
59437
59439
59440
59441
59443
59444
59446
59447
59449
59451
59452
59455
59456
59457
59459
59462
59467
59468
59469
59471
59473
59474
59475
59476
59477
59478
59479
59480
59481
59483
59485
59486
59488
59490
59491
59493
59494
59496
59497
59499
59500
59501
59502
59503
59504
59512
59515
59516
59517
59518
59519
59520
59521
59522
59523
59524
59527
59528
59529
59530
59531
59533
59534
59535
59536
59537
59538
59539
59540
59541
59542
59544
59545
59548
59549
59550
59551
59552
59554
59555
59556
59557
59558
59559
59560
59561
59562
59563
59564
59565
59566
59567
59568
59569
59570
59573
59574
59575
59576
59579
59580
59581
59582
59583
59584
59585
59586
59587
59590
59591
59592
59593
59596
59597
59599
59600
59601
59602
59604
59611
59612
59615
59617
59618
59619
59620
59622
59623
59624
59625
59626
59628
59630
59632
59635
59638
59639
59641
59642
59643
59644
59645
59647
59649
59652
59653
59655
59656
59657
59658
59659
59660
59666
59667
59668
59669
59671
59673
59675
59676
59677
59678
59679
59680
59681
59683
59685
59689
59692
59694
59695
59696
59698
59699
59700
59701
59704
59705
59706
59707
59709
59710
59713
59715
59716
59718
59719
59723
59724
59728
59729
59730
59731
59733
59734
59735
59736
59737
59738
59750
59754
59771
59791
59800
59804
59805
59806
59807
59808
59809
59810
59811
59812
59815
59816
59818
59827
59828
59829
59831
59833
59839
59842
59843
59844
59845
59847
59848
59849
59852
59855
59857
59859
59864
59865
59866
59867
59868
59869
59871
59873
59875
59878
59881
59886
59887
59890
59892
59895
59897
59898
59900
59903
59904
59906
59907
59908
59916
59918
59919
59920
59923
59924
59926
59929
59933
59934
59935
59937
59938
59939
59940
59942
59945
59946
59949
59951
59952
59955
59956
59957
59958
59960
59961
59964
59971
59972
59973
59974
59980
59981
59983
59984
59985
59986
59987
59988
59989
59990
59991
59994
59995
59996
59999
60001
60002
60004
60005
60006
60009
60010
60012
60013
60014
60015
60016
60018
60019
60020
60021
60024
60025
60027
60028
60029
60030
60031
60032
60033
60034
60035
60036
60037
60038
60040
60044
60045
60047
60048
60049
60050
60051
60052
60053
60054
60055
60056
60057
60061
60062
60063
60064
60065
60066
60069
60070
60078
60081
60082
60083
60084
60085
60086
60087
60088
60089
60090
60091
60092
60095
60098
60100
60103
60104
60105
60106
60107
60108
60110
60112
60114
60118
60123
60124
60127
60129
60132
60144
60146
60149
60151
60152
60169
60179
60181
60209
60263
60271
60272
60273
60274
60278
60279
60301
60302
60307
60310
60311
60313
60314
60316
60317
60319
60320
60321
60322
60325
60326
60328
60329
60330
60331
60332
60335
60338
60341
60342
60344
60345
60347
60350
60356
60358
60359
60361
60363
60368
60391
60392
60395
60396
60397
60407
60409
60410
60411
60414
60416
60419
60420
60421
60422
60424
60425
60427
60428
60430
60431
60432
60433
60434
60436
60467
60468
60469
60470
60471
60472
60473
60474
60475
60498
60499
60500
60501
60502
60503
60504
60506
60510
60511
60512
60515
60530
60555
60557
60561
60584
60585
60614
60618
60631
60632
60633
60659
60663
60665
60667
60668
60669
60670
60689
60693
60707
60723
60730
60732
60733
60735
60736
60784
60810
60833
60846
60862
60869
60882
60910
60959
61021
61022
61023
61028
61030
61031
61033
61039
61041
61097
61112
61149
61236
61239
61240
61241
61260
61261
61262
61288
61298
61299
61300
61301
61342
61379
61382
61383
61384
61386
61387
61390
61391
61392
61393
61394
61395
61396
61397
61398
61399
61401
61413
61414
61415
61416
61421
61422
61423
61424
61425
61427
61428
61430
61431
61432
61433
61434
61435
61437
61440
61441
61442
61443
61445
61446
61449
61450
61452
61453
61455
61457
61458
61459
61460
61461
61467
61469
61474
61478
61481
61486
61493
61494
61506
61507
61508
61517
61521
61522
61526
61528
61530
61547
61552
61553
61554
61557
61560
61564
61565
61583
61592
61593
61594
61603
61630
61631
61634
61637
61640
61641
61644
61646
61648
61649
61650
61651
61652
61653
61658
61659
61660
61663
61665
61667
61668
61669
61670
61671
61672
61673
61674
61679
61682
61703
61704
61706
61707
61708
61710
61711
61712
61713
61715
61716
61718
61721
61722
61723
61728
61729
61733
61734
61735
61739
61748
61810
61817
61825
61831
61833
61834
61840
61845
61853
61856
61863
61866
61874
61885
61891
61910
61914
61915
61916
61917
61921
61924
61925
61939
61942
61944
61945
61947
61950
61952
61958
61959
61964
61966
61967
61968
61969
61972
61973
61974
61975
61976
61984
61985
61986
62013
62014
62021
62023
62034
62038
62041
62044
62048
62049
62055
62061
62062
62072
62073
62081
62082
62084
62086
62088
62097
62102
62103
62104
62105
62112
62115
62120
62121
62123
62126
62127
62128
62130
62131
62132
62134
62138
62140
62146
62147
62150
62151
62152
62156
62166
62168
62169
62172
62182
62183
62185
62188
62191
62193
62194
62195
62196
62199
62200
62201
62202
62203
62204
62205
62206
62207
62210
62211
62213
62214
62215
62217
62218
62219
62225
62226
62228
62235
62237
62240
62244
62245
62246
62247
62248
62249
62250
62251
62252
62253
62254
62255
62257
62258
62259
62270
62271
62275
62281
62283
62285
62286
62288
62289
62291
62292
62293
62294
62295
62297
62299
62300
62303
62304
62306
62307
62310
62311
62312
62313
62314
62315
62316
62317
62318
62321
62327
62328
62330
62332
62335
62336
62340
62341
62342
62345
62348
62349
62352
62354
62356
62357
62358
62359
62360
62361
62362
62363
62364
62365
62366
62368
62370
62372
62373
62374
62375
62377
62378
62379
62380
62381
62382
62383
62384
62385
62386
62387
62395
62396
62398
62403
62407
62409
62411
62412
62416
62421
62422
62426
62427
62429
62430
62431
62439
62441
62443
62445
62446
62447
62449
62450
62451
62452
62453
62456
62458
62460
62462
62464
62465
62466
62467
62469
62471
62474
62478
62480
62481
62487
62488
62489
62490
62492
62493
62494
62495
62496
62501
62504
62509
62516
62529
62531
62532
62536
62552
62553
62564
62565
62569
62571
62572
62573
62576
62578
62581
62583
62584
62585
62587
62589
62590
62596
62600
62602
62606
62607
62610
62611
62614
62615
62617
62619
62620
62625
62626
62628
62629
62630
62632
62633
62636
62637
62639
62655
62842
62848
62850
62863
62897
62904
62918
62938
62939
62940
62980
62983
62992
62993
63005
63014
63029
63042
63045
63053
63066
63067
63068
63073
63095
63096
63116
63121
63122
63124
63149
63153
63167
63234
63237
63307
63344
63373
63456
63514
63546
63568
63571
63572
63573
63574
63576
63594
63612
63643
63646
63660
63674
63675
63676
63677
63685
63704
63710
63711
63712
63713
63714
63715
63716
63717
63718
63719
63720
63794
64000
64026
64050
64062
64064
64065
64066
64086
64103
64148
64149
64151
64152
64153
64155
64176
64202
64220
64231
64259
64260
64261
64263
64264
64300
64345
64375
64377
64385
64400
64430
64431
64432
64478
64499
64500
64502
64531
64617
64620
64621
64622
64677
64702
64722
64887
64889
64898
64899
64900
64901
64902
64905
64907
64908
64909
64910
64916
64917
64918
64919
64926
64928
64936
64937
64938
64939
64940
64942
64943
64944
64952
64954
64955
64956
64957
64958
64959
64963
64965
64967
64970
64971
64973
64977
64978
64979
64981
64988
64989
64990
64991
64992
64994
64995
64996
64997
64998
64999
65000
65001
65002
65004
65005
65006
65007
65008
65012
65055
65065
65069
65085
65086
65090
65093
65094
65096
65098
65099
65103
65105
65106
65109
65113
65122
65125
65126
65127
65128
65129
65138
65139
65144
65146
65149
65159
65161
65162
65164
65165
65166
65167
65168
65169
65170
65171
65172
65173
65174
65175
65176
65177
65178
65179
65180
65181
65182
65183
65184
65185
65186
65187
65188
65189
65190
65191
65192
65193
65194
65195
65196
65197
65198
65199
65200
65201
65202
65203
65204
65205
65206
65207
65208
65209
65210
65211
65212
65213
65214
65215
65216
65217
65218
65219
65220
65221
65222
65223
65224
65225
65226
65227
65228
65229
65230
65231
65232
65233
65234
65235
65236
65237
65238
65239
65240
65241
65242
65243
65244
65245
65246
65247
65248
65249
65250
65251
65252
65253
65254
65255
65256
65257
65258
65259
65260
65261
65262
65263
65264
65265
65266
65267
65268
65269
65270
65271
65272
65273
65274
65275
65276
65277
65278
65279
65280
65281
65282
65283
65284
65285
65286
65287
65288
65289
65290
65291
65292
65293
65294
65295
65296
65297
65298
65299
65300
65301
65302
65303
65304
65305
65306
65307
65308
65309
65310
65311
65312
65313
65314
65315
65316
65317
65318
65319
65320
65321
65322
65323
65324
65325
65326
65327
65328
65329
65330
65331
65332
65333
65334
65335
65336
65337
65338
65339
65340
65341
65342
65343
65344
65345
65346
65347
65348
65349
65350
65351
65352
65353
65354
65355
65356
65357
65358
65359
65360
65361
65362
65363
65364
65365
65366
65367
65368
65369
65370
65371
65372
65373
65374
65375
65376
65377
65378
65379
65380
65381
65382
65383
65384
65385
65386
65387
65388
65389
65390
65391
65392
65393
65394
65395
65396
65397
65398
65399
65400
65401
65402
65403
65404
65405
65406
65407
65408
65409
65410
65411
65412
65413
65414
65415
65416
65417
65418
65419
65420
65421
65422
65423
65424
65425
65426
65427
65428
65429
65430
65431
65432
65433
65434
65435
65436
65437
65438
65439
65440
65441
65442
65443
65444
65445
65446
65447
65448
65449
65450
65451
65452
65453
65454
65455
65456
65457
65458
65459
65460
65461
65462
65463
65464
65465
65466
65467
65468
65469
65470
65471
65472
65473
65474
65475
65476
65477
65478
65479
65480
65481
65482
65483
65484
65485
65486
65487
65488
65489
65490
65491
65492
65493
65494
65495
65496
65497
65498
65499
65500
65501
65502
65503
65504
65505
65506
65507
65508
65509
65510
65511
65512
65513
65514
65515
65516
65517
65518
65519
65520
65521
65522
65523
65524
65525
65526
65527
65528
65529
65530
65531
65532
65533
65534
65535
65536
65537
65538
65539
65540
65541
65542
65543
65544
65545
65546
65547
65548
65549
65550
65551
65552
65553
65554
65555
65556
65557
65558
65559
65560
65561
65562
65563
65564
65565
65566
65567
65568
65569
65570
65571
65572
65573
65574
65575
65576
65577
65578
65579
65580
65581
65582
65583
65584
65585
65586
65587
65588
65589
65590
65591
65592
65593
65594
65595
65596
65597
65598
65599
65600
65601
65602
65603
65604
65605
65606
65607
65608
65609
65610
65611
65612
65613
65614
65615
65616
65617
65618
65619
65620
65621
65622
65623
65624
65625
65626
65627
65628
65629
65630
65631
65632
65633
65634
65635
65636
65637
65638
65639
65640
65641
65642
65643
65644
65645
65646
65647
65648
65649
65650
65651
65652
65653
65654
65655
65656
65657
65658
65659
65660
65661
65662
65663
65664
65665
65666
65667
65668
65669
65670
65671
65672
65673
65674
65675
65676
65677
65678
65679
65680
65681
65682
65683
65684
65685
65686
65687
65688
65689
65690
65691
65692
65693
65694
65695
65696
65697
65698
65699
65700
65701
65702
65703
65704
65705
65706
65707
65708
65709
65710
65711
65712
65713
65714
65715
65716
65717
65718
65719
65720
65721
65722
65723
65724
65725
65726
65727
65728
65729
65730
65731
65732
65733
65734
65735
65736
65737
65738
65739
65740
65741
65742
65743
65744
65745
65746
65747
65748
65749
65750
65751
65752
65753
65754
65755
65756
65757
65758
65759
65760
65761
65762
65763
65764
65765
65766
65767
65768
65769
65770
65771
65772
65773
65774
65775
65776
65777
65778
65779
65780
65781
65782
65783
65784
65785
65786
65787
65788
65789
65790
65791
65792
65793
65794
65795
65796
65797
65798
65799
65800
65801
65802
65803
65804
65805
65806
65807
65808
65809
65810
65811
65812
65813
65814
65815
65816
65817
65818
65819
65820
65821
65822
65823
65824
65825
65826
65827
65828
65829
65830
65831
65832
65833
65834
65835
65836
65837
65838
65839
65840
65841
65842
65843
65844
65845
65846
65847
65848
65849
65850
65851
65852
65853
65854
65855
65856
65857
65858
65859
65860
65861
65862
65863
65864
65865
65866
65867
65868
65869
65870
65871
65872
65873
65874
65875
65876
65877
65878
65879
65880
65881
65882
65883
65884
65885
65886
65887
65888
65889
65890
65891
65892
65893
65894
65895
65896
65897
65898
65899
65900
65901
65902
65903
65904
65905
65906
65907
65908
65909
65910
65911
65912
65913
65914
65915
65916
65917
65918
65919
65920
65921
65922
65923
65924
65925
65926
65927
65928
65929
65930
65931
65932
65933
65934
65935
65936
65937
65938
65939
65940
65941
65942
65943
65944
65945
65946
65947
65948
65949
65950
65951
65952
65953
65954
65955
65956
65957
65958
65959
65960
65961
65962
65963
65964
65965
65966
65967
65968
65969
65970
65971
65972
65973
65974
65975
65976
65977
65978
65979
65980
65981
65982
65983
65984
65985
65986
65987
65988
65989
65990
65991
65992
65993
65994
65995
65996
65997
65998
65999
