2
4
22
25
42
50
68
75
91
97
164
168
191
192
195
196
197
199
201
215
217
218
223
227
239
240
256
263
271
320
324
328
331
334
343
348
349
360
368
372
377
379
380
403
416
474
492
519
530
570
590
595
602
609
620
621
628
645
654
658
663
666
674
681
689
697
699
701
706
724
753
758
772
774
775
792
794
797
801
802
824
830
846
851
853
856
857
862
863
874
875
890
894
899
902
919
933
943
958
963
964
965
966
989
1020
1050
1064
1079
1080
1082
1119
1123
1132
1142
1151
1161
1162
1163
1165
1166
1175
1176
1192
1201
1208
1216
1223
1224
1232
1241
1246
1256
1267
1298
1299
1307
1308
1328
1366
1369
1377
1378
1384
1408
1419
1443
1451
1453
1455
1469
1472
1488
1495
1508
1518
1519
1543
1558
1560
1562
1597
1615
1616
1650
1661
1670
1672
1685
1714
1722
1724
1758
1766
1767
1794
1795
1810
1815
1816
1822
1832
1838
1852
1854
1864
1869
1895
1900
1916
1937
1944
1945
1970
1974
1989
2042
2045
2054
2062
2065
2071
2075
2081
2083
2092
2110
2116
2121
2150
2180
2184
2205
2209
2213
2215
2237
2256
2259
2263
2267
2268
2284
2290
2297
2301
2310
2318
2323
2356
2363
2364
2365
2372
2373
2376
2395
2398
2407
2432
2434
2440
2446
2454
2471
2476
2482
2483
2521
2531
2544
2550
2561
2570
2578
2580
2585
2597
2613
2628
2635
2639
2649
2650
2658
2665
2669
2679
2681
2692
2707
2713
2715
2717
2719
2723
2739
2758
2762
2764
2798
2833
2835
2865
2897
2899
2902
2905
2918
2940
2956
2957
2958
2962
2975
2977
2988
2999
3008
3009
3015
3060
3076
3077
3082
3090
3112
3126
3131
3141
3142
3150
3165
3179
3181
3192
3193
3207
3214
3236
3266
3273
3276
3282
3285
3290
3320
3324
3335
3356
3373
3376
3380
3382
3388
3391
3406
3410
3420
3426
3435
3438
3440
3441
3452
3454
3456
3461
3466
3470
3478
3479
3480
3483
3484
3488
3508
3520
3523
3528
3531
3533
3541
3543
3550
3559
3560
3561
3562
3563
3564
3565
3566
3567
3570
3571
3572
3573
3574
3575
3576
3577
3578
3579
3580
3581
3582
3583
3584
3585
3586
3587
3588
3589
3590
3591
3592
3593
3594
3595
3596
3598
3604
3609
3612
3613
3615
3616
3617
3619
3620
3621
3622
3623
3624
3625
3626
3627
3628
3629
3631
3633
3634
3637
3639
3643
3645
3647
3648
3650
3651
3657
3658
3660
3661
3663
3664
3667
3671
3672
3673
3676
3678
3679
3680
3682
3685
3691
3692
3693
3698
3700
3701
3703
3705
3708
3713
3717
3720
3721
3722
3723
3724
3725
3726
3727
3728
3729
3731
3735
3737
3738
3740
3741
3743
3746
3748
3750
3751
3752
3754
3756
3759
3760
3761
3762
3765
3768
3769
3770
3774
3777
3779
3780
3782
3783
3785
3786
3789
3791
3792
3794
3795
3799
3800
3804
3805
3806
3807
3811
3813
3814
3815
3816
3819
3820
3822
3823
3824
3826
3827
3828
3829
3832
3834
3836
3838
3839
3844
3845
3849
3850
3851
3852
3853
3854
3855
3856
3857
3858
3859
3860
3861
3865
3867
3869
3871
3873
3874
3878
3879
3880
3881
3882
3885
3887
3889
3891
3894
3895
3896
3897
3899
3901
3902
3903
3906
3909
3920
3921
3924
3926
3929
3932
3935
3937
3939
3940
3941
3942
3943
3944
3946
3949
3951
3954
3955
3957
3959
3962
3963
3968
3970
3971
3974
3977
3978
3979
3980
3981
3982
3983
3984
3985
3986
3987
3994
3996
3997
4000
4005
4011
4013
4015
4021
4023
4024
4025
4026
4027
4028
4029
4030
4031
4032
4034
4037
4038
4040
4041
4042
4043
4044
4045
4046
4047
4048
4049
4050
4051
4052
4053
4054
4057
4058
4059
4060
4063
4066
4067
4069
4074
4076
4079
4081
4082
4085
4087
4088
4089
4093
4094
4096
4101
4103
4106
4107
4112
4114
4116
4117
4119
4121
4122
4123
4125
4126
4131
4133
4139
4141
4143
4144
4145
4146
4147
4149
4150
4156
4157
4158
4160
4161
4162
4166
4172
4174
4176
4179
4180
4192
4195
4201
4204
4206
4207
4208
4209
4210
4211
4212
4214
4215
4216
4219
4222
4226
4227
4232
4233
4234
4235
4238
4239
4240
4241
4243
4244
4247
4248
4250
4251
4255
4256
4257
4258
4260
4261
4263
4265
4266
4269
4270
4271
4275
4281
4284
4285
4286
4287
4292
4293
4296
4298
4304
4306
4309
4311
4312
4313
4316
4317
4318
4319
4321
4323
4324
4326
4329
4332
4336
4338
4339
4340
4343
4344
4345
4347
4348
4350
4351
4352
4354
4358
4359
4368
4369
4371
4374
4375
4376
4377
4379
4384
4387
4389
4391
4393
4395
4399
4401
4402
4406
4408
4409
4410
4413
4414
4418
4420
4426
4427
4428
4429
4430
4431
4432
4433
4434
4435
4436
4438
4439
4440
4441
4442
4443
4444
4446
4447
4448
4449
4452
4454
4457
4458
4459
4460
4461
4462
4463
4464
4465
4466
4467
4468
4469
4470
4471
4473
4474
4475
4476
4477
4479
4482
4483
4485
4486
4488
4491
4493
4495
4500
4501
4502
4507
4508
4512
4514
4515
4518
4519
4522
4524
4526
4528
4529
4530
4531
4532
4533
4535
4537
4538
4539
4540
4543
4544
4545
4546
4560
4562
4563
4564
4566
4568
4569
4582
4583
4585
4586
4589
4591
4593
4595
4597
4600
4605
4607
4610
4611
4615
4617
4618
4623
4625
4631
4632
4636
4645
4647
4648
4652
4653
4655
4657
4658
4659
4660
4661
4662
4663
4665
4666
4667
4668
4670
4672
4673
4674
4675
4678
4679
4680
4681
4682
4683
4685
4688
4689
4690
4691
4695
4698
4699
4700
4701
4703
4705
4708
4715
4716
4718
4721
4722
4724
4725
4729
4731
4732
4734
4735
4736
4737
4738
4739
4740
4741
4742
4743
4744
4746
4751
4753
4755
4756
4761
4763
4764
4765
4766
4767
4772
4781
4785
4786
4787
4790
4791
4794
4795
4796
4797
4800
4812
4815
4816
4817
4818
4823
4826
4828
4829
4831
4832
4835
4836
4839
4842
4843
4844
4845
4846
4849
4850
4851
4852
4854
4855
4856
4857
4858
4859
4867
4871
4872
4877
4879
4885
4887
4888
4891
4892
4893
4894
4896
4899
4900
4902
4904
4905
4906
4909
4911
4914
4917
4918
4919
4920
4921
4924
4928
4929
4931
4936
4937
4940
4945
4946
4947
4948
4953
4955
4956
4957
4958
4959
4960
4961
4965
4967
4972
4973
5266
5482
5795
6080
6836
7011
7050
7092
7107
7155
7613
7649
7976
8141
8969
9295
9861
9915
10029
10055
10095
10152
10177
10373
10778
10960
11002
11498
11563
11604
11630
11853
12050
12069
12156
12218
12305
12403
12552
12763
13086
13187
13203
13440
14043
14604
14612
14613
14630
14640
14642
14648
14655
14672
14678
14682
14689
14696
14713
14715
14721
14736
14748
14763
14766
14772
14773
14783
14785
14789
14795
14798
14804
14805
14807
14825
14833
14839
14840
14849
14855
14857
14867
14868
14877
14881
14885
14896
14898
14915
14925
14932
14935
14949
15100
15178
15192
15193
15207
15210
15290
15296
15331
15335
15363
15477
15507
15518
15813
15865
15897
15924
15956
15957
15958
15959
15964
15977
15982
15985
15988
15996
16004
16006
16009
16013
16015
16016
16024
16031
16032
16037
16039
16041
16046
16053
16056
16061
16063
16067
16070
16071
16072
16078
16095
16097
16103
16106
16119
16120
16121
16128
16133
16136
16137
16139
16144
16152
16163
16170
16173
16175
16180
16187
16190
16194
16200
16203
16207
16214
16216
16230
16231
16233
16234
16237
16241
16244
16245
16246
16247
16248
16253
16254
16256
16263
16272
16276
16283
16300
16308
16309
16310
16311
16312
16313
16314
16323
16324
16332
16362
16367
16369
16370
16371
16385
16397
16402
16427
16439
16450
16454
16459
16465
16466
16481
16487
16573
16584
16619
16645
16647
16648
16685
16716
16736
16737
16738
16739
16740
16741
16742
16743
16744
16745
16746
16747
16748
16769
16846
16884
16922
16925
16926
16929
16931
16932
16936
17000
17028
17039
17044
17053
17056
17078
17082
17083
17095
17097
17133
17197
17255
17268
17286
17305
17325
17378
17471
17476
17480
17488
17497
17522
17571
17601
17657
17702
17719
17721
17723
17742
17746
17747
17748
17776
17841
17847
17860
17891
17893
17911
17912
17913
17919
17922
17945
17963
17965
17976
17982
18002
18006
18009
18018
18036
18060
18073
18074
18075
18079
18091
18094
18100
18102
18103
18109
18116
18123
18127
18130
18133
18137
18144
18146
18154
18156
18170
18174
18187
18188
18191
18192
18193
18196
18197
18198
18203
18204
18213
18217
18218
18221
18229
18251
18254
18255
18262
18264
18271
18273
18279
18293
18298
18308
18341
18357
18361
18372
18379
18393
18408
18410
18412
18414
18428
18458
18464
18476
18514
18578
18593
18600
18611
18617
18628
18713
18716
18761
18763
18790
18812
18855
18863
18865
18918
18920
18922
18940
18951
18977
19061
19071
19072
19075
19082
19093
19116
19119
19122
19123
19124
19125
19126
19127
19128
19129
19130
19131
19132
19133
19134
19135
19165
19184
19200
19208
19210
19244
19265
19269
19281
19354
19355
19357
19364
19370
19418
19426
19430
19436
19445
19474
19478
19486
19496
19521
19546
19563
19567
19574
19575
19592
19593
19594
19597
19598
19600
19613
19617
19625
19629
19633
19635
19638
19640
19642
19651
19657
19660
19663
19664
19665
19668
19670
19681
19685
19687
19706
19718
19719
19732
19741
19752
19782
19783
19789
19800
19804
19811
19817
19831
19836
19841
19844
19861
19862
19879
19883
19886
19906
19924
19982
20031
20033
20131
20166
20176
20199
20200
20201
20220
20221
20222
20223
20224
20225
20258
20266
20276
20283
20292
20316
20322
20324
20335
20336
20339
20355
20377
20378
20401
20403
20449
20454
20462
20465
20467
20491
20498
20514
20521
20526
20533
20540
20544
20556
20562
20572
20589
20592
20604
20607
20632
20637
20643
20645
20648
20655
20657
20659
20666
20678
20680
20694
20702
20711
20718
20719
20720
20723
20739
20751
20759
20769
20789
20792
20819
20858
20863
20870
20887
20901
20919
20922
20923
20924
20925
20926
20927
20928
20929
20930
20931
20932
20933
20934
20935
20936
20937
20938
20939
20940
20941
20942
20943
20944
20945
20946
20947
20948
20949
20950
20951
20952
20953
20954
20961
21035
21040
21055
21077
21157
21195
21201
21202
21204
21207
21211
21213
21222
21223
21224
21231
21232
21236
21238
21240
21243
21253
21255
21260
21262
21264
21265
21278
21279
21298
21299
21300
21317
21320
21326
21327
21333
21338
21344
21346
21362
21365
21367
21369
21381
21393
21399
21412
21421
21424
21443
21453
21469
21492
21508
21510
21513
21516
21517
21521
21522
21525
21531
21534
21544
21545
21546
21548
21559
21561
21562
21564
21569
21578
21579
21580
21582
21583
21584
21591
21592
21593
21596
21599
21605
21615
21618
21619
21623
21624
21626
21627
21628
21634
21636
21640
21647
21653
21655
21663
21683
21684
21690
21692
21708
21710
21712
21722
21732
21743
21789
21804
21805
21806
21807
21808
21809
21810
21811
21812
21815
21819
21821
21827
21830
21833
21835
21837
21846
21857
21861
21873
21882
21908
21913
21914
21915
21919
21920
21929
21931
21934
21935
21948
21950
21953
21957
21967
21972
21982
21990
21997
21998
21999
22001
22008
22011
22014
22016
22024
22032
22039
22049
22050
22053
22063
22066
22067
22068
22069
22088
22113
22115
22116
22117
22119
22121
22141
22142
22159
22160
22162
22163
22165
22167
22171
22174
22177
22180
22192
22194
22197
22200
22201
22202
22204
22206
22207
22208
22212
22214
22215
22219
22222
22223
22226
22227
22230
22231
22232
22233
22234
22238
22241
22244
22245
22250
22253
22255
22256
22257
22258
22259
22261
22262
22264
22265
22268
22271
22272
22274
22275
22276
22278
22280
22283
22284
22285
22287
22291
22292
22295
22297
22298
22303
22306
22308
22309
22312
22314
22315
22317
22318
22321
22329
22332
22335
22336
22338
22339
22346
22347
22353
22354
22355
22356
22357
22358
22359
22360
22361
22366
22367
22370
22380
22382
22390
22393
22395
22396
22397
22400
22402
22403
22406
22407
22411
22412
22413
22416
22421
22422
22426
22430
22431
22433
22434
22440
22443
22447
22448
22449
22450
22452
22455
22458
22460
22461
22462
22465
22467
22468
22471
22472
22474
22475
22476
22478
22479
22480
22481
22486
22487
22488
22490
22491
22495
22496
22498
22501
22502
22503
22504
22505
22507
22509
22511
22512
22513
22514
22519
22520
22524
22526
22528
22532
22533
22536
22537
22540
22542
22543
22544
22545
22547
22550
22556
22563
22569
22571
22575
22576
22578
22579
22583
22587
22588
22595
22596
22606
22608
22611
22615
22616
22617
22626
22629
22633
22636
22637
22640
22641
22642
22643
22644
22646
22648
22653
22657
22659
22660
22661
22668
22671
22675
22677
22679
22681
22682
22687
22691
22693
22695
22696
22699
22728
22729
22740
22756
22761
22762
22776
22810
22811
22812
22813
22814
22815
22818
22819
22824
22826
22827
22831
22850
22853
22855
22858
22861
22862
22863
22869
22870
22875
22876
22877
22880
22883
22884
22891
22892
22893
22894
22896
22898
22900
22902
22904
22910
22911
22915
22918
22920
22923
22927
22928
22930
22931
22935
22936
22937
22938
22941
22942
22950
22952
22953
22957
22958
22959
22963
22967
22973
22975
22978
22979
22980
22981
22983
22985
22988
22990
22994
22995
22999
23006
23007
23011
23015
23017
23019
23025
23026
23029
23032
23033
23037
23038
23040
23041
23043
23046
23047
23049
23050
23053
23055
23056
23058
23059
23060
23061
23069
23071
23073
23079
23081
23082
23087
23088
23089
23090
23091
23092
23094
23095
23096
23098
23099
23100
23101
23102
23103
23104
23107
23108
23110
23111
23113
23119
23120
23121
23122
23124
23126
23127
23128
23129
23130
23131
23132
23135
23136
23137
23140
23143
23144
23146
23148
23149
23151
23152
23154
23156
23159
23160
23162
23164
23168
23169
23170
23171
23176
23177
23179
23181
23185
23187
23189
23190
23191
23194
23195
23196
23198
23199
23200
23204
23205
23206
23208
23210
23211
23215
23227
23228
23232
23233
23238
23247
23257
23266
23270
23296
23298
23302
23316
23317
23327
23332
23346
23348
23352
23357
23365
23368
23370
23374
23379
23400
23426
23441
23462
23470
23481
23538
23544
23584
23587
23593
23594
23595
23597
23598
23621
23654
23685
23691
23722
23736
23786
23787
23833
23862
23889
23896
23913
23914
23929
23954
23973
23974
23979
23984
23985
23986
23991
23997
23999
24004
24008
24010
24015
24017
24018
24023
24027
24029
24032
24038
24040
24042
24050
24065
24075
24079
24081
24084
24087
24090
24104
24106
24108
24124
24125
24132
24133
24135
24136
24138
24140
24143
24144
24153
24155
24159
24162
24163
24165
24171
24172
24180
24181
24182
24195
24196
24201
24202
24206
24208
24239
24254
24259
24265
24270
24272
24277
24285
24296
24344
24347
24354
24366
24379
24386
24393
24412
24418
24419
24420
24435
24437
24444
24446
24449
24468
24471
24474
24476
24481
24527
24532
24535
24537
24541
24583
24592
24594
24599
24606
24615
24625
24632
24635
24661
24688
24689
24708
24727
24728
24730
24736
24739
24742
24792
24795
24804
24846
24851
24854
24866
24870
24878
24886
24888
24937
24967
24976
24989
25023
25035
25045
25110
25177
25230
25247
25285
25289
25303
25350
25670
25692
25723
25725
25726
25728
25740
25743
25745
25746
25747
25755
25756
25759
25760
25762
25764
25771
25773
25781
25785
25786
25788
25789
25795
25796
25797
25805
25807
25814
25816
25817
25818
25820
25821
25824
25825
25831
25835
25836
25837
25838
25839
25842
25844
25845
25846
25850
25852
25855
25859
25862
25863
25864
25878
25879
25883
25885
25886
25887
25890
25891
25892
25893
25894
25898
25899
25901
25918
25940
25943
25949
25951
25970
25975
25976
25977
25985
25988
26002
26003
26014
26019
26060
26063
26064
26068
26072
26073
26088
26092
26096
26107
26115
26119
26124
26127
26142
26143
26172
26205
26220
26222
26223
26225
26226
26233
26245
26256
26267
26270
26277
26293
26295
26296
26305
26307
26313
26323
26329
26354
26361
26373
26374
26378
26411
26412
26415
26421
26433
26442
26454
26468
26469
26470
26474
26476
26479
26494
26521
26533
26534
26545
26546
26555
26559
26561
26566
26573
26576
26578
26584
26585
26593
26598
26603
26608
26611
26621
26630
26631
26632
26641
26642
26645
26650
26653
26654
26655
26657
26659
26663
26672
26680
26681
26682
26684
26687
26689
26691
26696
26699
26711
26717
26724
26738
26746
26765
26766
26771
26778
26783
26784
26812
26824
26825
26828
26831
26834
26837
26851
26858
26863
26867
26874
26889
26901
26903
26906
26911
26930
26933
26946
26956
26971
27008
27010
27015
27016
27018
27022
27025
27027
27033
27129
27130
27131
27133
27139
27185
27187
27190
27192
27201
27208
27228
27232
27589
27590
27770
28311
28314
28362
28363
28364
28365
28366
28367
28368
28369
28370
28371
28372
28373
28374
28375
28376
28377
28378
28379
28380
28381
28382
28383
28384
28385
28386
28387
28388
28389
28390
28391
28392
28393
28412
28422
28451
28483
28485
28496
28504
28511
28520
28527
28530
28539
28540
28544
28584
28589
28652
28653
28655
28657
28661
28675
28689
28697
28701
28756
28771
28790
28795
28808
28810
28852
28866
28883
28896
28900
28901
28906
28912
28931
28960
28967
29004
29024
29052
29054
29127
29137
29143
29147
29149
29153
29258
29449
29485
29538
29717
29934
29950
30473
30832
30838
30879
30960
30962
30981
31059
31084
31101
31115
31135
31176
31184
31477
31504
31571
31581
31582
31589
31615
31622
31624
31639
31643
31804
31805
31808
31810
31833
31834
31835
31895
31940
31953
31967
32118
32121
32141
32147
32167
32172
32179
32225
32237
32260
32270
32325
32347
32350
32365
32366
32367
32383
32450
32456
32521
32710
32721
32764
32768
32803
32881
32882
32887
32891
32946
32999
33018
33019
33050
33132
33144
33186
33245
33343
33414
33415
33416
33417
33418
33419
33420
33421
33422
33423
33424
33425
33426
33427
33428
33429
33430
33431
33432
33446
33467
33475
33485
33489
33494
33568
33643
33716
33774
36766
36767
38591
38813
38814
38815
38816
38817
38818
38819
38820
38821
38822
38823
38824
38825
38826
38827
38828
38829
38830
38831
38832
38833
38834
38835
38836
38837
38838
38839
38840
38841
38842
38843
38844
38845
38846
38847
38848
38849
38850
38851
38852
38853
38854
38855
38856
38857
38858
38859
38860
38861
38862
38863
38864
38865
38866
38867
38868
38869
38870
38871
38872
38873
38874
38875
38876
38877
38878
38879
38880
38881
38882
38883
38884
38885
38886
38887
38888
38889
38890
38891
38892
38893
38894
38895
38896
38897
38898
38899
38900
38901
38902
38903
38904
38905
38906
38907
38908
38909
38910
38911
38912
38913
38914
38915
38916
38917
38918
38919
38920
38921
38922
38923
38924
38925
38926
38927
38928
38929
38930
38931
38932
38933
38934
38935
38936
38937
38938
38939
38940
38941
38942
38943
38944
38945
38946
38947
38948
38949
38950
38951
38952
38953
38954
38955
38956
38957
38958
38959
38960
38961
38962
38963
38964
38965
38966
38967
38968
38969
38970
38971
38972
38973
38974
38975
38976
38977
38978
38979
38980
38981
38982
38983
38984
38985
38986
38987
38988
38989
38990
38991
38992
38993
38994
38995
38996
38997
38998
38999
39000
39001
39002
39003
39004
39005
39006
39007
39008
39009
39010
39011
39012
39013
39014
39015
39016
39017
39018
39019
39020
39021
39022
39023
39024
39025
39026
39027
39028
39029
39030
39031
39032
39033
39034
39035
39036
39037
39038
39039
39040
39041
39042
39043
39044
39045
39046
39047
39048
39049
39050
39051
39052
39053
39054
39055
39056
39057
39058
39059
39060
39061
39062
39063
39064
39065
39066
39067
39068
39069
39070
39071
39072
39073
39074
39075
39076
39077
39078
39079
39080
39081
39082
39083
39084
39085
39086
39087
39088
39089
39090
39091
39092
39093
39094
39095
39096
39097
39098
39099
39100
39101
39102
39103
39104
39105
39106
39107
39108
39109
39110
39111
39112
39113
39114
39115
39116
39117
39118
39119
39120
39121
39122
39123
39124
39125
39126
39127
39128
39129
39130
39131
39132
39133
39134
39135
39136
39137
39138
39139
39140
39141
39142
39143
39144
39145
39146
39147
39148
39149
39150
39151
39152
39153
39154
39155
39156
39157
39158
39159
39160
39161
39162
39163
39164
39165
39166
39167
39168
39169
39170
39171
39172
39173
39174
39175
39176
39177
39178
39179
39180
39181
39182
39183
39184
39185
39186
39187
39188
39189
39190
39191
39192
39193
39194
39195
39196
39197
39198
39199
39200
39201
39202
39203
39204
39205
39206
39207
39208
39209
39210
39211
39212
39213
39214
39215
39216
39217
39218
39219
39220
39221
39222
39223
39224
39225
39226
39227
39228
39229
39230
39231
39232
39233
39234
39235
39236
39237
39238
39239
39240
39241
39242
39243
39244
39245
39246
39247
39248
39249
39250
39251
39252
39253
39254
39255
39256
39257
39258
39259
39260
39261
39262
39263
39264
39265
39266
39267
39268
39269
39270
39271
39272
39273
39274
39275
39276
39277
39278
39279
39280
39281
39282
39283
39284
39285
39286
39287
39288
39289
39290
39291
39292
39293
39294
39295
39296
39297
39298
39299
39300
39301
39302
39303
39304
39305
39306
39307
39308
39309
39310
39311
39312
39313
39314
39315
39316
39317
39318
39319
39320
39321
39322
39323
39324
39325
39326
39327
39328
39329
39330
39331
39332
39333
39334
39335
39336
39337
39338
39339
39340
39341
39342
39343
39344
39345
39346
39347
39348
39349
39350
39351
39352
39353
39354
39355
39356
39357
39358
39359
39360
39361
39362
39363
39364
39365
39366
39367
39368
39369
39370
39371
39372
39373
39374
39375
39376
39377
39378
39379
39380
39381
39382
39383
39384
39385
39386
39387
39388
39389
39390
39391
39392
39393
39394
39395
39396
39397
39398
39399
39400
39401
39402
39403
39404
39405
39406
39407
39408
39409
39410
39411
39412
39413
39414
39415
39416
39417
39418
39419
39420
39421
39422
39423
39424
39425
39426
39427
39428
39429
39430
39431
39432
39433
39434
39435
39436
39437
39438
39439
39440
39441
39442
39443
39444
39445
39446
39447
39448
39449
39450
39451
39452
39453
39454
39455
39456
39457
39458
39459
39460
39461
39462
39463
39464
39465
39466
39467
39468
39469
39470
39471
39472
39473
39474
39475
39476
39477
39478
39479
39480
39481
39482
39483
39484
39485
39486
39487
39488
39489
39490
39491
39492
39493
39494
39495
39496
39497
39498
39499
39500
39501
39502
39503
39504
39505
39506
39507
39508
39509
39510
39511
39512
39513
39514
39515
39516
39517
39518
39519
39520
39521
39522
39523
39524
39525
39526
39527
39528
39529
39530
39531
39532
39533
39534
39535
39536
39537
39538
39539
39540
39541
39542
39543
39544
39545
39546
39547
39548
39549
39550
39551
39552
39553
39554
39555
39556
39557
39558
39559
39560
39561
39562
39563
39564
39565
39566
39567
39568
39569
39570
39571
39572
39573
39574
39575
39576
39577
39578
39579
39580
39581
39582
39583
39584
39585
39586
39587
39588
39589
39590
39591
39592
39593
39594
39595
39596
39597
39598
39599
39600
39601
39602
39603
39604
39605
39606
39607
39608
39609
39610
39611
39612
39613
39614
39615
39616
39617
39618
39619
39620
39621
39622
39623
39624
39625
39626
39627
39628
39629
39630
39631
39632
39633
39634
39635
39636
39637
39638
39639
39640
39641
39642
39643
39644
39645
39646
39647
39648
39649
39650
39651
39652
39653
39654
39655
39656
39657
39658
39659
39660
39661
39662
39663
39664
39665
39666
39667
39668
39669
39670
39671
39672
39673
39674
39675
39676
39677
39678
39679
39680
39681
39682
39683
39684
39685
39686
39687
39688
39689
39690
39691
39692
39693
39694
39695
39696
39697
39698
39699
39700
39701
39702
39703
39704
39705
39706
39707
39708
39709
39710
39711
39712
39713
39714
39715
39716
39717
39718
39719
39720
39721
39722
39723
39724
39725
39726
39727
39728
39729
39730
39731
39732
39733
39734
39735
39736
39737
39738
39739
39740
39741
39742
39743
39744
39745
39746
39747
39748
39749
39750
39751
39752
39753
39754
39755
39756
39757
39758
39759
39760
39761
39762
39763
39764
39765
39766
39767
39768
39769
39770
39771
39772
39773
39774
39775
39776
39777
39778
39779
39780
39781
39782
39783
39784
39785
39786
39787
39788
39789
39790
39791
39792
39793
39794
39795
39796
39797
39798
39799
39800
39801
39802
39803
39804
39805
39806
39807
39808
39809
39810
39811
39812
39813
39814
39815
39816
39817
39818
39819
39820
39821
39822
39823
39824
39825
39826
39827
39828
39829
39830
39831
39832
39833
39834
39835
39836
39837
39838
39839
39840
39841
39842
39843
39844
39845
39846
39847
39848
39849
39850
39851
39852
39853
39854
39855
39856
39857
39858
39859
39860
39861
39862
39863
39864
39865
39866
39867
39868
39869
39870
39871
39872
39873
39874
39875
39876
39877
39878
39879
39880
39881
39882
39883
39884
39885
39886
39887
39888
39889
39890
39891
39892
39893
39894
39895
39896
39897
39898
39899
39900
39901
39902
39903
39904
39905
39906
39907
39908
39909
39910
39911
39912
39913
39914
39915
39916
39917
39918
39919
39920
39921
39922
39923
39924
39925
39926
39927
39928
39929
39930
39931
39932
39933
39934
39935
39936
39937
39938
39939
39940
39941
39942
39943
39944
39945
39946
39947
39948
39949
39950
39951
39952
39953
39954
39955
39956
39957
39958
39959
39960
39961
39962
39963
39964
39965
39966
39967
39968
39969
39970
39971
39972
39973
39974
39975
39976
39977
39978
39979
39980
39981
39982
39983
39984
39985
39986
39987
39988
39989
39990
39991
39992
39993
39994
39995
39996
39997
39998
39999
